911 3
1253
8594 27
11533
16092 42
33434
35563 49
36794
39551 58
39555
52844 101
52889 102
52934
53235 103
53294
53896 104
53916 105
53944 106
53970 104
54012 106
54345 105
54678 106
54861 104
55519 105
55892 106
56268 104
56377 106
56691 104
56815 106
57204 104
57255 105
57372 104
58655
59564 106
60116
60723 105
60844 106
60880 105
61301
61612 112
67171
68687 106
76202
76513 118
81955
87786 137
87804
88105 138
88133
88434 139
89012
93637 154
93657
98271 169
98290
102890 184
102949
105104 191
105118
105426 192
105690
