911 3
1254
8595 27
11535
16094 42
33445
35574 49
36805
39562 58
39566
52855 101
52900 102
52945
53246 103
53305
53907 104
53927 105
53955 106
53981 104
54023 105
54065 106
54107 104
54398 105
54689 106
55163 105
55536 104
55903 106
56279 104
56389 106
56703 104
56827 106
57216 104
57879 105
57996 104
58668
60184 106
60772 105
61315
61626 112
62077 106
62707 112
67829
69345 106
76233
76544 118
82000
87831 137
87849
88150 138
88178
88479 139
89057
93682 154
93702
98316 169
98335
102935 184
102994
105149 191
105164
105472 192
105736
