911 3
1278
8619 27
11583
16142 42
33757
35886 49
37141
39898 58
39902
53187 101
53232
53533 102
53578 103
53637
54239 104
54259 105
54287 106
54313 104
54355 105
54397 106
54439 105
54730 106
55021 104
55312 106
55495 104
55862 105
56235 106
56611 104
56745 106
57059 104
57183 106
57572 104
58906
60122 106
60674
60974 105
61091 106
61127 105
61669
61980 106
62610 112
68514
70030 106
76990
77301 118
83088
88919 137
88937
89238 138
89266
89567 139
90145
94770 154
94790
99404 169
99423
104023 184
104082
106237 191
106276
106584 192
106848
107155 193
107200
