911 3
1256
8597 27
11539
16098 42
33477
35606 49
36837
39594 58
39598
52887 101
52932 102
52991
53292 103
53337
53939 104
53967 105
53993 106
54013 105
54529 104
54862 106
54904 104
55277 106
55568 105
55944 106
56311 105
57014 106
57250 104
57367 106
57418 105
57970 106
59254
60770 105
60806 104
61348
61659 112
62114 105
62744 112
67879
69395 105
76285
76596 118
82069
87900 137
87918
88219 138
88247
88548 139
89126
93751 154
93771
98385 169
98404
103004 184
103063
105218 191
105233
105541 192
105805
