911 3
1279
8620 27
11585
16144 42
33775
47064 85
47109
47406 86
47451 87
47510
48108 88
48128 89
48156 90
48182 88
48224 89
48557 90
48599 88
48890 89
49263 90
49737 88
50104 90
50323 88
50458 90
50615 88
50739 90
51442 88
52777
53077 89
53194
54410 90
54998 89
55540
55851 96
56352 90
56982 96
62399
63911 90
70874
71185 102
76986
82805 121
82823
83120 122
83148
83449 123
84027
86172 130
87503
90268 139
90272
94897 154
94917
99517 169
99576
101735 176
101775
102083 177
102347
104539 179
104579
104887 180
105151
