911 3
1253
8594 27
11533
16092 42
33437
35566 49
36793
39550 58
39554
52843 101
52888 102
52933
53234 103
53293
53895 104
53915 105
53943 106
53969 104
54011 106
54527 104
54818 105
55151 106
55527 104
55894 105
56267 106
56581 104
56690 106
57079 104
58389 105
58506 104
58654
60170 106
60722 105
60843 106
60879 105
61300
61611 112
67170
68686 106
76197
76508 118
81950
87781 137
87799
88100 138
88128
88429 139
89007
93632 154
93652
98266 169
98285
102885 184
102944
105099 191
105121
105429 192
105693
