911 3
1253
8594 27
11533
16092 42
33438
35567 49
36798
39555 58
39559
52852 101
52911 102
52956
53257 103
53302
53904 104
53930 105
53950 106
53978 104
54020 106
54353 104
54644 105
54686 104
54869 105
55160 106
55533 104
55909 105
56385 104
56699 105
56823 104
57212 105
57263 106
57380 105
58664
60180 104
60768 106
61310
61621 112
67180
67480 104
68110
69326 104
76207
76518 118
81960
87791 137
87809
88110 138
88138
88439 139
89017
93642 154
93662
98276 169
98295
102895 184
102954
105109 191
105123
105431 192
105695
