911 3
1278
8619 27
11583
16142 42
33762
35891 49
37146
39903 58
39907
53196 101
53241 102
53286
53587 103
53646
54248 104
54268 105
54296 106
54322 105
54364 106
54406 105
54697 106
55171 104
55504 105
55877 104
56096 106
56315 104
56463 106
56620 104
56754 106
57457 104
58433 105
58550 106
59102 104
59585
61101 106
61137 105
61679
61990 112
67204 106
67834 112
68524
70040 106
76995
77306 118
83093
88924 137
88942
89243 138
89271
89572 139
90150
94775 154
94795
96954 161
96993
97301 162
97565
97872 163
97917
