911 3
1256
8597 27
11539
16098 42
33475
35604 49
36831
39588 58
39592
52881 101
52926 102
52971
53272 103
53331
53933 104
53953 105
53981 106
54007 104
54049 105
54091 106
54424 104
54638 105
54929 106
55112 104
55189 105
55562 106
55938 104
56305 106
56619 104
56731 106
57120 104
57907 105
58024 104
58696
60212 106
60800 105
61342
61653 112
67240
68756 106
76280
76591 118
82061
87892 137
87910
88211 138
88239
88540 139
89118
93743 154
93763
98377 169
98396
102996 184
103055
105210 191
105225
105533 192
105797
