911 3
1253
8594 27
11533
16092 42
33432
35561 49
36788
39545 58
39549
52846 101
52905 102
52950
53251 103
53296
53898 104
53924 105
53944 106
53972 104
54014 105
54056 106
54098 104
54572 106
54863 105
55154 104
55530 106
55903 105
56270 104
56973 105
57869 104
58421 106
58538 105
59210
60726 104
60762 106
61304
61615 112
66534 104
67164 112
67804
69320 104
76205
76516 118
81958
87789 137
87807
88108 138
88136
88437 139
89015
93640 154
93660
98274 169
98293
102893 184
102952
105107 191
105117
110135 192
110145
110453 193
110717
