911 3
1253
8594 27
11533
16092 42
33437
35566 49
36797
39554 58
39558
52847 101
52892 102
52937
53238 103
53297
53899 104
53919 105
53947 106
53973 104
54015 105
54057 106
54099 104
54390 105
54681 106
55155 104
55522 105
55895 106
56271 104
56380 106
56503 104
56627 106
57207 104
57258 105
57375 104
58658
60174 106
60762 105
61304
61615 112
67174
68690 106
76201
76512 118
81954
87785 137
87803
88104 138
88132
88433 139
89011
93636 154
93656
98270 169
98289
102889 184
102948
105103 191
105117
105425 192
105689
