911 3
1254
8595 27
11535
16094 42
33450
35579 49
36810
39567 58
39571
52860 101
52905 102
52950
53251 103
53310
53912 104
53940 105
53960 106
53986 104
54319 105
54361 104
54734 106
55067 105
55358 106
55541 105
55908 106
56598 105
56708 106
57093 105
57217 106
57221 104
57338 105
58669
59278 106
59830
60737 104
60858 106
60894 104
61315
61626 112
67195
68711 106
76229
76540 118
81992
87823 137
87841
88142 138
88170
88471 139
89049
93674 154
93694
98308 169
98327
102927 184
102986
105141 191
105156
105464 192
105728
